PID:  3623 
5 
10000 
1  | 10000 
2  | 10000 
3  | 10000 
4  | 10000 
5  | 10000 
6  | 10000 
7  | 10000 
8  | 10000 
9  | 10000 
10  | 10000 
11  | 10000 
12  | 10000 
13  | 10000 
14  | 10000 
15  | 10000 
16  | 10000 
17  | 10000 
18  | 10000 
19  | 10000 
20  | 10000 
21  | 10000 
22  | 10000 
23  | 10000 
24  | 10000 
25  | 10000 
26  | 10000 
27  | 10000 
28  | 10000 
29  | 10000 
30  | 10000 
31  | 10000 
32  | 10000 
33  | 10000 
34  | 10000 
35  | 10000 
36  | 10000 
37  | 10000 
38  | 10000 
39  | 10000 
40  | 10000 
41  | 10000 
42  | 10000 
43  | 10000 
44  | 10000 
45  | 10000 
46  | 10000 
47  | 10000 
48  | 10000 
49  | 10000 
50  | 10000 
51  | 10000 
52  | 10000 
53  | 10000 
54  | 10000 
55  | 10000 
56  | 10000 
57  | 10000 
58  | 10000 
59  | 10000 
60  | 10000 
61  | 10000 
62  | 10000 
63  | 10000 
64  | 10000 
65  | 10000 
66  | 10000 
67  | 10000 
68  | 10000 
69  | 10000 
70  | 10000 
71  | 10000 
72  | 10000 
73  | 10000 
74  | 10000 
75  | 10000 
76  | 10000 
77  | 10000 
78  | 10000 
79  | 10000 
80  | 10000 
81  | 10000 
82  | 10000 
83  | 10000 
84  | 10000 
85  | 10000 
86  | 10000 
87  | 10000 
88  | 10000 
89  | 10000 
90  | 10000 
91  | 10000 
92  | 10000 
93  | 10000 
94  | 10000 
95  | 10000 
96  | 10000 
97  | 10000 
98  | 10000 
99  | 10000 
100  | 10000 
101  | 10000 
102  | 10000 
103  | 10000 
104  | 10000 
105  | 10000 
106  | 10000 
107  | 10000 
108  | 10000 
109  | 10000 
110  | 10000 
111  | 10000 
112  | 10000 
113  | 10000 
114  | 10000 
115  | 10000 
116  | 10000 
117  | 10000 
118  | 10000 
119  | 10000 
120  | 10000 
121  | 10000 
122  | 10000 
123  | 10000 
124  | 10000 
125  | 10000 
126  | 10000 
127  | 10000 
128  | 10000 
129  | 10000 
130  | 10000 
131  | 10000 
132  | 10000 
133  | 10000 
134  | 10000 
135  | 10000 
136  | 10000 
137  | 10000 
138  | 10000 
139  | 10000 
140  | 10000 
141  | 10000 
142  | 10000 
143  | 10000 
144  | 10000 
145  | 10000 
146  | 10000 
147  | 10000 
148  | 10000 
149  | 10000 
150  | 10000 
151  | 10000 
152  | 10000 
153  | 10000 
154  | 10000 
155  | 10000 
156  | 10000 
157  | 10000 
158  | 10000 
159  | 10000 
160  | 10000 
161  | 10000 
162  | 10000 
163  | 10000 
164  | 10000 
165  | 10000 
166  | 10000 
167  | 10000 
168  | 10000 
169  | 10000 
170  | 10000 
171  | 10000 
172  | 10000 
173  | 10000 
174  | 10000 
175  | 10000 
176  | 10000 
177  | 10000 
178  | 10000 
179  | 10000 
180  | 10000 
181  | 10000 
182  | 10000 
183  | 10000 
184  | 10000 
185  | 10000 
186  | 10000 
187  | 10000 
188  | 10000 
189  | 10000 
190  | 10000 
191  | 10000 
192  | 10000 
193  | 10000 
194  | 10000 
195  | 10000 
196  | 10000 
197  | 10000 
198  | 10000 
199  | 10000 
200  | 10000 
201  | 10000 
202  | 10000 
203  | 10000 
204  | 10000 
205  | 10000 
206  | 10000 
207  | 10000 
208  | 10000 
209  | 10000 
210  | 10000 
211  | 10000 
212  | 10000 
213  | 10000 
214  | 10000 
215  | 10000 
216  | 10000 
217  | 10000 
218  | 10000 
219  | 10000 
220  | 10000 
221  | 10000 
222  | 10000 
223  | 10000 
224  | 10000 
225  | 10000 
226  | 10000 
227  | 10000 
228  | 10000 
229  | 10000 
230  | 10000 
231  | 10000 
232  | 10000 
233  | 10000 
234  | 10000 
235  | 10000 
236  | 10000 
237  | 10000 
238  | 10000 
239  | 10000 
240  | 10000 
241  | 10000 
242  | 10000 
243  | 10000 
244  | 10000 
245  | 10000 
246  | 10000 
247  | 10000 
248  | 10000 
249  | 10000 
250  | 10000 
251  | 10000 
252  | 10000 
253  | 10000 
254  | 10000 
255  | 10000 
256  | 10000 
257  | 10000 
258  | 10000 
259  | 10000 
260  | 10000 
261  | 10000 
262  | 10000 
263  | 10000 
264  | 10000 
265  | 10000 
266  | 10000 
267  | 10000 
268  | 10000 
269  | 10000 
270  | 10000 
271  | 10000 
272  | 10000 
273  | 10000 
274  | 10000 
275  | 10000 
276  | 10000 
277  | 10000 
278  | 10000 
279  | 10000 
280  | 10000 
281  | 10000 
282  | 10000 
283  | 10000 
284  | 10000 
285  | 10000 
286  | 10000 
287  | 10000 
288  | 10000 
289  | 10000 
290  | 10000 
291  | 10000 
292  | 10000 
293  | 10000 
294  | 10000 
295  | 10000 
296  | 10000 
297  | 10000 
298  | 10000 
299  | 10000 
300  | 10000 
301  | 10000 
302  | 10000 
303  | 10000 
304  | 10000 
305  | 10000 
306  | 10000 
307  | 10000 
308  | 10000 
309  | 10000 
310  | 10000 
311  | 10000 
312  | 10000 
313  | 10000 
314  | 10000 
315  | 10000 
316  | 10000 
317  | 10000 
318  | 10000 
319  | 10000 
320  | 10000 
321  | 10000 
322  | 10000 
323  | 10000 
324  | 10000 
325  | 10000 
326  | 10000 
327  | 10000 
328  | 10000 
329  | 10000 
330  | 10000 
331  | 10000 
332  | 10000 
333  | 10000 
334  | 10000 
335  | 10000 
336  | 10000 
337  | 10000 
338  | 10000 
339  | 10000 
340  | 10000 
341  | 10000 
342  | 10000 
343  | 10000 
344  | 10000 
345  | 10000 
346  | 10000 
347  | 10000 
348  | 10000 
349  | 10000 
350  | 10000 
351  | 10000 
352  | 10000 
353  | 10000 
354  | 10000 
355  | 10000 
356  | 10000 
357  | 10000 
358  | 10000 
359  | 10000 
360  | 10000 
361  | 10000 
362  | 10000 
363  | 10000 
364  | 10000 
365  | 10000 
366  | 10000 
367  | 10000 
368  | 10000 
369  | 10000 
370  | 10000 
371  | 10000 
372  | 10000 
373  | 10000 
374  | 10000 
375  | 10000 
376  | 10000 
377  | 10000 
378  | 10000 
379  | 10000 
380  | 10000 
381  | 10000 
382  | 10000 
383  | 10000 
384  | 10000 
385  | 10000 
386  | 10000 
387  | 10000 
388  | 10000 
389  | 10000 
390  | 10000 
391  | 10000 
392  | 10000 
393  | 10000 
394  | 10000 
395  | 10000 
396  | 10000 
397  | 10000 
398  | 10000 
399  | 10000 
400  | 10000 
401  | 10000 
402  | 10000 
403  | 10000 
404  | 10000 
405  | 10000 
406  | 10000 
407  | 10000 
408  | 10000 
409  | 10000 
410  | 10000 
411  | 10000 
412  | 10000 
413  | 10000 
414  | 10000 
415  | 10000 
416  | 10000 
417  | 10000 
418  | 10000 
419  | 10000 
420  | 10000 
421  | 10000 
422  | 10000 
423  | 10000 
424  | 10000 
425  | 10000 
426  | 10000 
427  | 10000 
428  | 10000 
429  | 10000 
430  | 10000 
431  | 10000 
432  | 10000 
433  | 10000 
434  | 10000 
435  | 10000 
436  | 10000 
437  | 10000 
438  | 10000 
439  | 10000 
440  | 10000 
441  | 10000 
442  | 10000 
443  | 10000 
444  | 10000 
445  | 10000 
446  | 10000 
447  | 10000 
448  | 10000 
449  | 10000 
450  | 10000 
451  | 10000 
452  | 10000 
453  | 10000 
454  | 10000 
455  | 10000 
456  | 10000 
457  | 10000 
458  | 10000 
459  | 10000 
460  | 10000 
461  | 10000 
462  | 10000 
463  | 10000 
464  | 10000 
465  | 10000 
466  | 10000 
467  | 10000 
468  | 10000 
469  | 10000 
470  | 10000 
471  | 10000 
472  | 10000 
473  | 10000 
474  | 10000 
475  | 10000 
476  | 10000 
477  | 10000 
478  | 10000 
479  | 10000 
480  | 10000 
481  | 10000 
482  | 10000 
483  | 10000 
484  | 10000 
485  | 10000 
486  | 10000 
487  | 10000 
488  | 10000 
489  | 10000 
490  | 10000 
491  | 10000 
492  | 10000 
493  | 10000 
494  | 10000 
495  | 10000 
496  | 10000 
497  | 10000 
498  | 10000 
499  | 10000 
500  | N =  10000  K =  5 
 RMSE: 
 Oneshot:          0.0155 0.0121 0.0121 0.0164 0.0119 0.0127 0.0141 0.0123 
 WLSE:             0.0151 0.0120 0.0121 0.0158 0.0118 0.0126 0.0140 0.0121 
 Jordan Onestep:   0.0151 0.0120 0.0122 0.0157 0.0119 0.0127 0.0142 0.0123 

 RME: 
 Oneshot:          0.97 0.99 0.99 0.95 0.99 0.99 0.99 0.99 
 WLSE:             1.00 1.00 1.00 0.99 1.00 1.00 1.00 1.00 
 Jordan Onestep:   0.99 1.00 0.99 0.99 0.99 0.99 0.98 0.99 

20000 
1  | 20000 
2  | 20000 
3  | 20000 
4  | 20000 
5  | 20000 
6  | 20000 
7  | 20000 
8  | 20000 
9  | 20000 
10  | 20000 
11  | 20000 
12  | 20000 
13  | 20000 
14  | 20000 
15  | 20000 
16  | 20000 
17  | 20000 
18  | 20000 
19  | 20000 
20  | 20000 
21  | 20000 
22  | 20000 
23  | 20000 
24  | 20000 
25  | 20000 
26  | 20000 
27  | 20000 
28  | 20000 
29  | 20000 
30  | 20000 
31  | 20000 
32  | 20000 
33  | 20000 
34  | 20000 
35  | 20000 
36  | 20000 
37  | 20000 
38  | 20000 
39  | 20000 
40  | 20000 
41  | 20000 
42  | 20000 
43  | 20000 
44  | 20000 
45  | 20000 
46  | 20000 
47  | 20000 
48  | 20000 
49  | 20000 
50  | 20000 
51  | 20000 
52  | 20000 
53  | 20000 
54  | 20000 
55  | 20000 
56  | 20000 
57  | 20000 
58  | 20000 
59  | 20000 
60  | 20000 
61  | 20000 
62  | 20000 
63  | 20000 
64  | 20000 
65  | 20000 
66  | 20000 
67  | 20000 
68  | 20000 
69  | 20000 
70  | 20000 
71  | 20000 
72  | 20000 
73  | 20000 
74  | 20000 
75  | 20000 
76  | 20000 
77  | 20000 
78  | 20000 
79  | 20000 
80  | 20000 
81  | 20000 
82  | 20000 
83  | 20000 
84  | 20000 
85  | 20000 
86  | 20000 
87  | 20000 
88  | 20000 
89  | 20000 
90  | 20000 
91  | 20000 
92  | 20000 
93  | 20000 
94  | 20000 
95  | 20000 
96  | 20000 
97  | 20000 
98  | 20000 
99  | 20000 
100  | 20000 
101  | 20000 
102  | 20000 
103  | 20000 
104  | 20000 
105  | 20000 
106  | 20000 
107  | 20000 
108  | 20000 
109  | 20000 
110  | 20000 
111  | 20000 
112  | 20000 
113  | 20000 
114  | 20000 
115  | 20000 
116  | 20000 
117  | 20000 
118  | 20000 
119  | 20000 
120  | 20000 
121  | 20000 
122  | 20000 
123  | 20000 
124  | 20000 
125  | 20000 
126  | 20000 
127  | 20000 
128  | 20000 
129  | 20000 
130  | 20000 
131  | 20000 
132  | 20000 
133  | 20000 
134  | 20000 
135  | 20000 
136  | 20000 
137  | 20000 
138  | 20000 
139  | 20000 
140  | 20000 
141  | 20000 
142  | 20000 
143  | 20000 
144  | 20000 
145  | 20000 
146  | 20000 
147  | 20000 
148  | 20000 
149  | 20000 
150  | 20000 
151  | 20000 
152  | 20000 
153  | 20000 
154  | 20000 
155  | 20000 
156  | 20000 
157  | 20000 
158  | 20000 
159  | 20000 
160  | 20000 
161  | 20000 
162  | 20000 
163  | 20000 
164  | 20000 
165  | 20000 
166  | 20000 
167  | 20000 
168  | 20000 
169  | 20000 
170  | 20000 
171  | 20000 
172  | 20000 
173  | 20000 
174  | 20000 
175  | 20000 
176  | 20000 
177  | 20000 
178  | 20000 
179  | 20000 
180  | 20000 
181  | 20000 
182  | 20000 
183  | 20000 
184  | 20000 
185  | 20000 
186  | 20000 
187  | 20000 
188  | 20000 
189  | 20000 
190  | 20000 
191  | 20000 
192  | 20000 
193  | 20000 
194  | 20000 
195  | 20000 
196  | 20000 
197  | 20000 
198  | 20000 
199  | 20000 
200  | 20000 
201  | 20000 
202  | 20000 
203  | 20000 
204  | 20000 
205  | 20000 
206  | 20000 
207  | 20000 
208  | 20000 
209  | 20000 
210  | 20000 
211  | 20000 
212  | 20000 
213  | 20000 
214  | 20000 
215  | 20000 
216  | 20000 
217  | 20000 
218  | 20000 
219  | 20000 
220  | 20000 
221  | 20000 
222  | 20000 
223  | 20000 
224  | 20000 
225  | 20000 
226  | 20000 
227  | 20000 
228  | 20000 
229  | 20000 
230  | 20000 
231  | 20000 
232  | 20000 
233  | 20000 
234  | 20000 
235  | 20000 
236  | 20000 
237  | 20000 
238  | 20000 
239  | 20000 
240  | 20000 
241  | 20000 
242  | 20000 
243  | 20000 
244  | 20000 
245  | 20000 
246  | 20000 
247  | 20000 
248  | 20000 
249  | 20000 
250  | 20000 
251  | 20000 
252  | 20000 
253  | 20000 
254  | 20000 
255  | 20000 
256  | 20000 
257  | 20000 
258  | 20000 
259  | 20000 
260  | 20000 
261  | 20000 
262  | 20000 
263  | 20000 
264  | 20000 
265  | 20000 
266  | 20000 
267  | 20000 
268  | 20000 
269  | 20000 
270  | 20000 
271  | 20000 
272  | 20000 
273  | 20000 
274  | 20000 
275  | 20000 
276  | 20000 
277  | 20000 
278  | 20000 
279  | 20000 
280  | 20000 
281  | 20000 
282  | 20000 
283  | 20000 
284  | 20000 
285  | 20000 
286  | 20000 
287  | 20000 
288  | 20000 
289  | 20000 
290  | 20000 
291  | 20000 
292  | 20000 
293  | 20000 
294  | 20000 
295  | 20000 
296  | 20000 
297  | 20000 
298  | 20000 
299  | 20000 
300  | 20000 
301  | 20000 
302  | 20000 
303  | 20000 
304  | 20000 
305  | 20000 
306  | 20000 
307  | 20000 
308  | 20000 
309  | 20000 
310  | 20000 
311  | 20000 
312  | 20000 
313  | 20000 
314  | 20000 
315  | 20000 
316  | 20000 
317  | 20000 
318  | 20000 
319  | 20000 
320  | 20000 
321  | 20000 
322  | 20000 
323  | 20000 
324  | 20000 
325  | 20000 
326  | 20000 
327  | 20000 
328  | 20000 
329  | 20000 
330  | 20000 
331  | 20000 
332  | 20000 
333  | 20000 
334  | 20000 
335  | 20000 
336  | 20000 
337  | 20000 
338  | 20000 
339  | 20000 
340  | 20000 
341  | 20000 
342  | 20000 
343  | 20000 
344  | 20000 
345  | 20000 
346  | 20000 
347  | 20000 
348  | 20000 
349  | 20000 
350  | 20000 
351  | 20000 
352  | 20000 
353  | 20000 
354  | 20000 
355  | 20000 
356  | 20000 
357  | 20000 
358  | 20000 
359  | 20000 
360  | 20000 
361  | 20000 
362  | 20000 
363  | 20000 
364  | 20000 
365  | 20000 
366  | 20000 
367  | 20000 
368  | 20000 
369  | 20000 
370  | 20000 
371  | 20000 
372  | 20000 
373  | 20000 
374  | 20000 
375  | 20000 
376  | 20000 
377  | 20000 
378  | 20000 
379  | 20000 
380  | 20000 
381  | 20000 
382  | 20000 
383  | 20000 
384  | 20000 
385  | 20000 
386  | 20000 
387  | 20000 
388  | 20000 
389  | 20000 
390  | 20000 
391  | 20000 
392  | 20000 
393  | 20000 
394  | 20000 
395  | 20000 
396  | 20000 
397  | 20000 
398  | 20000 
399  | 20000 
400  | 20000 
401  | 20000 
402  | 20000 
403  | 20000 
404  | 20000 
405  | 20000 
406  | 20000 
407  | 20000 
408  | 20000 
409  | 20000 
410  | 20000 
411  | 20000 
412  | 20000 
413  | 20000 
414  | 20000 
415  | 20000 
416  | 20000 
417  | 20000 
418  | 20000 
419  | 20000 
420  | 20000 
421  | 20000 
422  | 20000 
423  | 20000 
424  | 20000 
425  | 20000 
426  | 20000 
427  | 20000 
428  | 20000 
429  | 20000 
430  | 20000 
431  | 20000 
432  | 20000 
433  | 20000 
434  | 20000 
435  | 20000 
436  | 20000 
437  | 20000 
438  | 20000 
439  | 20000 
440  | 20000 
441  | 20000 
442  | 20000 
443  | 20000 
444  | 20000 
445  | 20000 
446  | 20000 
447  | 20000 
448  | 20000 
449  | 20000 
450  | 20000 
451  | 20000 
452  | 20000 
453  | 20000 
454  | 20000 
455  | 20000 
456  | 20000 
457  | 20000 
458  | 20000 
459  | 20000 
460  | 20000 
461  | 20000 
462  | 20000 
463  | 20000 
464  | 20000 
465  | 20000 
466  | 20000 
467  | 20000 
468  | 20000 
469  | 20000 
470  | 20000 
471  | 20000 
472  | 20000 
473  | 20000 
474  | 20000 
475  | 20000 
476  | 20000 
477  | 20000 
478  | 20000 
479  | 20000 
480  | 20000 
481  | 20000 
482  | 20000 
483  | 20000 
484  | 20000 
485  | 20000 
486  | 20000 
487  | 20000 
488  | 20000 
489  | 20000 
490  | 20000 
491  | 20000 
492  | 20000 
493  | 20000 
494  | 20000 
495  | 20000 
496  | 20000 
497  | 20000 
498  | 20000 
499  | 20000 
500  | N =  20000  K =  5 
 RMSE: 
 Oneshot:          0.0108 0.0088 0.0088 0.0116 0.0087 0.0091 0.0102 0.0085 
 WLSE:             0.0107 0.0088 0.0088 0.0113 0.0087 0.0091 0.0102 0.0085 
 Jordan Onestep:   0.0108 0.0088 0.0089 0.0114 0.0087 0.0091 0.0102 0.0086 

 RME: 
 Oneshot:          0.99 1.00 1.00 0.98 1.00 1.00 0.99 1.00 
 WLSE:             1.00 1.00 1.00 1.00 1.00 1.00 1.00 1.00 
 Jordan Onestep:   0.99 1.00 0.99 0.99 1.00 1.00 0.99 0.99 

1e+05 
1  | 1e+05 
2  | 1e+05 
3  | 1e+05 
4  | 1e+05 
5  | 1e+05 
6  | 1e+05 
7  | 1e+05 
8  | 1e+05 
9  | 1e+05 
10  | 1e+05 
11  | 1e+05 
12  | 1e+05 
13  | 1e+05 
14  | 1e+05 
15  | 1e+05 
16  | 1e+05 
17  | 1e+05 
18  | 1e+05 
19  | 1e+05 
20  | 1e+05 
21  | 1e+05 
22  | 1e+05 
23  | 1e+05 
24  | 1e+05 
25  | 1e+05 
26  | 1e+05 
27  | 1e+05 
28  | 1e+05 
29  | 1e+05 
30  | 1e+05 
31  | 1e+05 
32  | 1e+05 
33  | 1e+05 
34  | 1e+05 
35  | 1e+05 
36  | 1e+05 
37  | 1e+05 
38  | 1e+05 
39  | 1e+05 
40  | 1e+05 
41  | 1e+05 
42  | 1e+05 
43  | 1e+05 
44  | 1e+05 
45  | 1e+05 
46  | 1e+05 
47  | 1e+05 
48  | 1e+05 
49  | 1e+05 
50  | 1e+05 
51  | 1e+05 
52  | 1e+05 
53  | 1e+05 
54  | 1e+05 
55  | 1e+05 
56  | 1e+05 
57  | 1e+05 
58  | 1e+05 
59  | 1e+05 
60  | 1e+05 
61  | 1e+05 
62  | 1e+05 
63  | 1e+05 
64  | 1e+05 
65  | 1e+05 
66  | 1e+05 
67  | 1e+05 
68  | 1e+05 
69  | 1e+05 
70  | 1e+05 
71  | 1e+05 
72  | 1e+05 
73  | 1e+05 
74  | 1e+05 
75  | 1e+05 
76  | 1e+05 
77  | 1e+05 
78  | 1e+05 
79  | 1e+05 
80  | 1e+05 
81  | 1e+05 
82  | 1e+05 
83  | 1e+05 
84  | 1e+05 
85  | 1e+05 
86  | 1e+05 
87  | 1e+05 
88  | 1e+05 
89  | 1e+05 
90  | 1e+05 
91  | 1e+05 
92  | 1e+05 
93  | 1e+05 
94  | 1e+05 
95  | 1e+05 
96  | 1e+05 
97  | 1e+05 
98  | 1e+05 
99  | 1e+05 
100  | 1e+05 
101  | 1e+05 
102  | 1e+05 
103  | 1e+05 
104  | 1e+05 
105  | 1e+05 
106  | 1e+05 
107  | 1e+05 
108  | 1e+05 
109  | 1e+05 
110  | 1e+05 
111  | 1e+05 
112  | 1e+05 
113  | 1e+05 
114  | 1e+05 
115  | 1e+05 
116  | 1e+05 
117  | 1e+05 
118  | 1e+05 
119  | 1e+05 
120  | 1e+05 
121  | 1e+05 
122  | 1e+05 
123  | 1e+05 
124  | 1e+05 
125  | 1e+05 
126  | 1e+05 
127  | 1e+05 
128  | 1e+05 
129  | 1e+05 
130  | 1e+05 
131  | 1e+05 
132  | 1e+05 
133  | 1e+05 
134  | 1e+05 
135  | 1e+05 
136  | 1e+05 
137  | 1e+05 
138  | 1e+05 
139  | 1e+05 
140  | 1e+05 
141  | 1e+05 
142  | 1e+05 
143  | 1e+05 
144  | 1e+05 
145  | 1e+05 
146  | 1e+05 
147  | 1e+05 
148  | 1e+05 
149  | 1e+05 
150  | 1e+05 
151  | 1e+05 
152  | 1e+05 
153  | 1e+05 
154  | 1e+05 
155  | 1e+05 
156  | 1e+05 
157  | 1e+05 
158  | 1e+05 
159  | 1e+05 
160  | 1e+05 
161  | 1e+05 
162  | 1e+05 
163  | 1e+05 
164  | 1e+05 
165  | 1e+05 
166  | 1e+05 
167  | 1e+05 
168  | 1e+05 
169  | 1e+05 
170  | 1e+05 
171  | 1e+05 
172  | 1e+05 
173  | 1e+05 
174  | 1e+05 
175  | 1e+05 
176  | 1e+05 
177  | 1e+05 
178  | 1e+05 
179  | 1e+05 
180  | 1e+05 
181  | 1e+05 
182  | 1e+05 
183  | 1e+05 
184  | 1e+05 
185  | 1e+05 
186  | 1e+05 
187  | 1e+05 
188  | 1e+05 
189  | 1e+05 
190  | 1e+05 
191  | 1e+05 
192  | 1e+05 
193  | 1e+05 
194  | 1e+05 
195  | 1e+05 
196  | 1e+05 
197  | 1e+05 
198  | 1e+05 
199  | 1e+05 
200  | 1e+05 
201  | 1e+05 
202  | 1e+05 
203  | 1e+05 
204  | 1e+05 
205  | 1e+05 
206  | 1e+05 
207  | 1e+05 
208  | 1e+05 
209  | 1e+05 
210  | 1e+05 
211  | 1e+05 
212  | 1e+05 
213  | 1e+05 
214  | 1e+05 
215  | 1e+05 
216  | 1e+05 
217  | 1e+05 
218  | 1e+05 
219  | 1e+05 
220  | 1e+05 
221  | 1e+05 
222  | 1e+05 
223  | 1e+05 
224  | 1e+05 
225  | 1e+05 
226  | 1e+05 
227  | 1e+05 
228  | 1e+05 
229  | 1e+05 
230  | 1e+05 
231  | 1e+05 
232  | 1e+05 
233  | 1e+05 
234  | 1e+05 
235  | 1e+05 
236  | 1e+05 
237  | 1e+05 
238  | 1e+05 
239  | 1e+05 
240  | 1e+05 
241  | 1e+05 
242  | 1e+05 
243  | 1e+05 
244  | 1e+05 
245  | 1e+05 
246  | 1e+05 
247  | 1e+05 
248  | 1e+05 
249  | 1e+05 
250  | 1e+05 
251  | 1e+05 
252  | 1e+05 
253  | 1e+05 
254  | 1e+05 
255  | 1e+05 
256  | 1e+05 
257  | 1e+05 
258  | 1e+05 
259  | 1e+05 
260  | 1e+05 
261  | 1e+05 
262  | 1e+05 
263  | 1e+05 
264  | 1e+05 
265  | 1e+05 
266  | 1e+05 
267  | 1e+05 
268  | 1e+05 
269  | 1e+05 
270  | 1e+05 
271  | 1e+05 
272  | 1e+05 
273  | 1e+05 
274  | 1e+05 
275  | 1e+05 
276  | 1e+05 
277  | 1e+05 
278  | 1e+05 
279  | 1e+05 
280  | 1e+05 
281  | 1e+05 
282  | 1e+05 
283  | 1e+05 
284  | 1e+05 
285  | 1e+05 
286  | 1e+05 
287  | 1e+05 
288  | 1e+05 
289  | 1e+05 
290  | 1e+05 
291  | 1e+05 
292  | 1e+05 
293  | 1e+05 
294  | 1e+05 
295  | 1e+05 
296  | 1e+05 
297  | 1e+05 
298  | 1e+05 
299  | 1e+05 
300  | 1e+05 
301  | 1e+05 
302  | 1e+05 
303  | 1e+05 
304  | 1e+05 
305  | 1e+05 
306  | 1e+05 
307  | 1e+05 
308  | 1e+05 
309  | 1e+05 
310  | 1e+05 
311  | 1e+05 
312  | 1e+05 
313  | 1e+05 
314  | 1e+05 
315  | 1e+05 
316  | 1e+05 
317  | 1e+05 
318  | 1e+05 
319  | 1e+05 
320  | 1e+05 
321  | 1e+05 
322  | 1e+05 
323  | 1e+05 
324  | 1e+05 
325  | 1e+05 
326  | 1e+05 
327  | 1e+05 
328  | 1e+05 
329  | 1e+05 
330  | 1e+05 
331  | 1e+05 
332  | 1e+05 
333  | 1e+05 
334  | 1e+05 
335  | 1e+05 
336  | 1e+05 
337  | 1e+05 
338  | 1e+05 
339  | 1e+05 
340  | 1e+05 
341  | 1e+05 
342  | 1e+05 
343  | 1e+05 
344  | 1e+05 
345  | 1e+05 
346  | 1e+05 
347  | 1e+05 
348  | 1e+05 
349  | 1e+05 
350  | 1e+05 
351  | 1e+05 
352  | 1e+05 
353  | 1e+05 
354  | 1e+05 
355  | 1e+05 
356  | 1e+05 
357  | 1e+05 
358  | 1e+05 
359  | 1e+05 
360  | 1e+05 
361  | 1e+05 
362  | 1e+05 
363  | 1e+05 
364  | 1e+05 
365  | 1e+05 
366  | 1e+05 
367  | 1e+05 
368  | 1e+05 
369  | 1e+05 
370  | 1e+05 
371  | 1e+05 
372  | 1e+05 
373  | 1e+05 
374  | 1e+05 
375  | 1e+05 
376  | 1e+05 
377  | 1e+05 
378  | 1e+05 
379  | 1e+05 
380  | 1e+05 
381  | 1e+05 
382  | 1e+05 
383  | 1e+05 
384  | 1e+05 
385  | 1e+05 
386  | 1e+05 
387  | 1e+05 
388  | 1e+05 
389  | 1e+05 
390  | 1e+05 
391  | 1e+05 
392  | 1e+05 
393  | 1e+05 
394  | 1e+05 
395  | 1e+05 
396  | 1e+05 
397  | 1e+05 
398  | 1e+05 
399  | 1e+05 
400  | 1e+05 
401  | 1e+05 
402  | 1e+05 
403  | 1e+05 
404  | 1e+05 
405  | 1e+05 
406  | 1e+05 
407  | 1e+05 
408  | 1e+05 
409  | 1e+05 
410  | 1e+05 
411  | 1e+05 
412  | 1e+05 
413  | 1e+05 
414  | 1e+05 
415  | 1e+05 
416  | 1e+05 
417  | 1e+05 
418  | 1e+05 
419  | 1e+05 
420  | 1e+05 
421  | 1e+05 
422  | 1e+05 
423  | 1e+05 
424  | 1e+05 
425  | 1e+05 
426  | 1e+05 
427  | 1e+05 
428  | 1e+05 
429  | 1e+05 
430  | 1e+05 
431  | 1e+05 
432  | 1e+05 
433  | 1e+05 
434  | 1e+05 
435  | 1e+05 
436  | 1e+05 
437  | 1e+05 
438  | 1e+05 
439  | 1e+05 
440  | 1e+05 
441  | 1e+05 
442  | 1e+05 
443  | 1e+05 
444  | 1e+05 
445  | 1e+05 
446  | 1e+05 
447  | 1e+05 
448  | 1e+05 
449  | 1e+05 
450  | 1e+05 
451  | 1e+05 
452  | 1e+05 
453  | 1e+05 
454  | 1e+05 
455  | 1e+05 
456  | 1e+05 
457  | 1e+05 
458  | 1e+05 
459  | 1e+05 
460  | 1e+05 
461  | 1e+05 
462  | 1e+05 
463  | 1e+05 
464  | 1e+05 
465  | 1e+05 
466  | 1e+05 
467  | 1e+05 
468  | 1e+05 
469  | 1e+05 
470  | 1e+05 
471  | 1e+05 
472  | 1e+05 
473  | 1e+05 
474  | 1e+05 
475  | 1e+05 
476  | 1e+05 
477  | 1e+05 
478  | 1e+05 
479  | 1e+05 
480  | 1e+05 
481  | 1e+05 
482  | 1e+05 
483  | 1e+05 
484  | 1e+05 
485  | 1e+05 
486  | 1e+05 
487  | 1e+05 
488  | 1e+05 
489  | 1e+05 
490  | 1e+05 
491  | 1e+05 
492  | 1e+05 
493  | 1e+05 
494  | 1e+05 
495  | 1e+05 
496  | 1e+05 
497  | 1e+05 
498  | 1e+05 
499  | 1e+05 
500  | N =  1e+05  K =  10 
 RMSE: 
 Oneshot:          0.0046 0.0038 0.0038 0.0050 0.0036 0.0039 0.0043 0.0038 
 WLSE:             0.0046 0.0038 0.0038 0.0050 0.0035 0.0038 0.0043 0.0038 
 Jordan Onestep:   0.0046 0.0038 0.0038 0.0050 0.0036 0.0039 0.0043 0.0038 

 RME: 
 Oneshot:          0.99 1.00 1.00 0.98 1.00 1.00 1.00 1.00 
 WLSE:             1.00 1.00 1.00 1.00 1.00 1.00 1.00 1.00 
 Jordan Onestep:   0.98 0.99 1.00 0.99 0.99 0.99 0.99 0.99 

10000 
1  | 10000 
2  | 10000 
3  | 10000 
4  | 10000 
5  | 10000 
6  | 10000 
7  | 10000 
8  | 10000 
9  | 10000 
10  | 10000 
11  | 10000 
12  | 10000 
13  | 10000 
14  | 10000 
15  | 10000 
16  | 10000 
17  | 10000 
18  | 10000 
19  | 10000 
20  | 10000 
21  | 10000 
22  | 10000 
23  | 10000 
24  | 10000 
25  | 10000 
26  | 10000 
27  | 10000 
28  | 10000 
29  | 10000 
30  | 10000 
31  | 10000 
32  | 10000 
33  | 10000 
34  | 10000 
35  | 10000 
36  | 10000 
37  | 10000 
38  | 10000 
39  | 10000 
40  | 10000 
41  | 10000 
42  | 10000 
43  | 10000 
44  | 10000 
45  | 10000 
46  | 10000 
47  | 10000 
48  | 10000 
49  | 10000 
50  | 10000 
51  | 10000 
52  | 10000 
53  | 10000 
54  | 10000 
55  | 10000 
56  | 10000 
57  | 10000 
58  | 10000 
59  | 10000 
60  | 10000 
61  | 10000 
62  | 10000 
63  | 10000 
64  | 10000 
65  | 10000 
66  | 10000 
67  | 10000 
68  | 10000 
69  | 10000 
70  | 10000 
71  | 10000 
72  | 10000 
73  | 10000 
74  | 10000 
75  | 10000 
76  | 10000 
77  | 10000 
78  | 10000 
79  | 10000 
80  | 10000 
81  | 10000 
82  | 10000 
83  | 10000 
84  | 10000 
85  | 10000 
86  | 10000 
87  | 10000 
88  | 10000 
89  | 10000 
90  | 10000 
91  | 10000 
92  | 10000 
93  | 10000 
94  | 10000 
95  | 10000 
96  | 10000 
97  | 10000 
98  | 10000 
99  | 10000 
100  | 10000 
101  | 10000 
102  | 10000 
103  | 10000 
104  | 10000 
105  | 10000 
106  | 10000 
107  | 10000 
108  | 10000 
109  | 10000 
110  | 10000 
111  | 10000 
112  | 10000 
113  | 10000 
114  | 10000 
115  | 10000 
116  | 10000 
117  | 10000 
118  | 10000 
119  | 10000 
120  | 10000 
121  | 10000 
122  | 10000 
123  | 10000 
124  | 10000 
125  | 10000 
126  | 10000 
127  | 10000 
128  | 10000 
129  | 10000 
130  | 10000 
131  | 10000 
132  | 10000 
133  | 10000 
134  | 10000 
135  | 10000 
136  | 10000 
137  | 10000 
138  | 10000 
139  | 10000 
140  | 10000 
141  | 10000 
142  | 10000 
143  | 10000 
144  | 10000 
145  | 10000 
146  | 10000 
147  | 10000 
148  | 10000 
149  | 10000 
150  | 10000 
151  | 10000 
152  | 10000 
153  | 10000 
154  | 10000 
155  | 10000 
156  | 10000 
157  | 10000 
158  | 10000 
159  | 10000 
160  | 10000 
161  | 10000 
162  | 10000 
163  | 10000 
164  | 10000 
165  | 10000 
166  | 10000 
167  | 10000 
168  | 10000 
169  | 10000 
170  | 10000 
171  | 10000 
172  | 10000 
173  | 10000 
174  | 10000 
175  | 10000 
176  | 10000 
177  | 10000 
178  | 10000 
179  | 10000 
180  | 10000 
181  | 10000 
182  | 10000 
183  | 10000 
184  | 10000 
185  | 10000 
186  | 10000 
187  | 10000 
188  | 10000 
189  | 10000 
190  | 10000 
191  | 10000 
192  | 10000 
193  | 10000 
194  | 10000 
195  | 10000 
196  | 10000 
197  | 10000 
198  | 10000 
199  | 10000 
200  | 10000 
201  | 10000 
202  | 10000 
203  | 10000 
204  | 10000 
205  | 10000 
206  | 10000 
207  | 10000 
208  | 10000 
209  | 10000 
210  | 10000 
211  | 10000 
212  | 10000 
213  | 10000 
214  | 10000 
215  | 10000 
216  | 10000 
217  | 10000 
218  | 10000 
219  | 10000 
220  | 10000 
221  | 10000 
222  | 10000 
223  | 10000 
224  | 10000 
225  | 10000 
226  | 10000 
227  | 10000 
228  | 10000 
229  | 10000 
230  | 10000 
231  | 10000 
232  | 10000 
233  | 10000 
234  | 10000 
235  | 10000 
236  | 10000 
237  | 10000 
238  | 10000 
239  | 10000 
240  | 10000 
241  | 10000 
242  | 10000 
243  | 10000 
244  | 10000 
245  | 10000 
246  | 10000 
247  | 10000 
248  | 10000 
249  | 10000 
250  | 10000 
251  | 10000 
252  | 10000 
253  | 10000 
254  | 10000 
255  | 10000 
256  | 10000 
257  | 10000 
258  | 10000 
259  | 10000 
260  | 10000 
261  | 10000 
262  | 10000 
263  | 10000 
264  | 10000 
265  | 10000 
266  | 10000 
267  | 10000 
268  | 10000 
269  | 10000 
270  | 10000 
271  | 10000 
272  | 10000 
273  | 10000 
274  | 10000 
275  | 10000 
276  | 10000 
277  | 10000 
278  | 10000 
279  | 10000 
280  | 10000 
281  | 10000 
282  | 10000 
283  | 10000 
284  | 10000 
285  | 10000 
286  | 10000 
287  | 10000 
288  | 10000 
289  | 10000 
290  | 10000 
291  | 10000 
292  | 10000 
293  | 10000 
294  | 10000 
295  | 10000 
296  | 10000 
297  | 10000 
298  | 10000 
299  | 10000 
300  | 10000 
301  | 10000 
302  | 10000 
303  | 10000 
304  | 10000 
305  | 10000 
306  | 10000 
307  | 10000 
308  | 10000 
309  | 10000 
310  | 10000 
311  | 10000 
312  | 10000 
313  | 10000 
314  | 10000 
315  | 10000 
316  | 10000 
317  | 10000 
318  | 10000 
319  | 10000 
320  | 10000 
321  | 10000 
322  | 10000 
323  | 10000 
324  | 10000 
325  | 10000 
326  | 10000 
327  | 10000 
328  | 10000 
329  | 10000 
330  | 10000 
331  | 10000 
332  | 10000 
333  | 10000 
334  | 10000 
335  | 10000 
336  | 10000 
337  | 10000 
338  | 10000 
339  | 10000 
340  | 10000 
341  | 10000 
342  | 10000 
343  | 10000 
344  | 10000 
345  | 10000 
346  | 10000 
347  | 10000 
348  | 10000 
349  | 10000 
350  | 10000 
351  | 10000 
352  | 10000 
353  | 10000 
354  | 10000 
355  | 10000 
356  | 10000 
357  | 10000 
358  | 10000 
359  | 10000 
360  | 10000 
361  | 10000 
362  | 10000 
363  | 10000 
364  | 10000 
365  | 10000 
366  | 10000 
367  | 10000 
368  | 10000 
369  | 10000 
370  | 10000 
371  | 10000 
372  | 10000 
373  | 10000 
374  | 10000 
375  | 10000 
376  | 10000 
377  | 10000 
378  | 10000 
379  | 10000 
380  | 10000 
381  | 10000 
382  | 10000 
383  | 10000 
384  | 10000 
385  | 10000 
386  | 10000 
387  | 10000 
388  | 10000 
389  | 10000 
390  | 10000 
391  | 10000 
392  | 10000 
393  | 10000 
394  | 10000 
395  | 10000 
396  | 10000 
397  | 10000 
398  | 10000 
399  | 10000 
400  | 10000 
401  | 10000 
402  | 10000 
403  | 10000 
404  | 10000 
405  | 10000 
406  | 10000 
407  | 10000 
408  | 10000 
409  | 10000 
410  | 10000 
411  | 10000 
412  | 10000 
413  | 10000 
414  | 10000 
415  | 10000 
416  | 10000 
417  | 10000 
418  | 10000 
419  | 10000 
420  | 10000 
421  | 10000 
422  | 10000 
423  | 10000 
424  | 10000 
425  | 10000 
426  | 10000 
427  | 10000 
428  | 10000 
429  | 10000 
430  | 10000 
431  | 10000 
432  | 10000 
433  | 10000 
434  | 10000 
435  | 10000 
436  | 10000 
437  | 10000 
438  | 10000 
439  | 10000 
440  | 10000 
441  | 10000 
442  | 10000 
443  | 10000 
444  | 10000 
445  | 10000 
446  | 10000 
447  | 10000 
448  | 10000 
449  | 10000 
450  | 10000 
451  | 10000 
452  | 10000 
453  | 10000 
454  | 10000 
455  | 10000 
456  | 10000 
457  | 10000 
458  | 10000 
459  | 10000 
460  | 10000 
461  | 10000 
462  | 10000 
463  | 10000 
464  | 10000 
465  | 10000 
466  | 10000 
467  | 10000 
468  | 10000 
469  | 10000 
470  | 10000 
471  | 10000 
472  | 10000 
473  | 10000 
474  | 10000 
475  | 10000 
476  | 10000 
477  | 10000 
478  | 10000 
479  | 10000 
480  | 10000 
481  | 10000 
482  | 10000 
483  | 10000 
484  | 10000 
485  | 10000 
486  | 10000 
487  | 10000 
488  | 10000 
489  | 10000 
490  | 10000 
491  | 10000 
492  | 10000 
493  | 10000 
494  | 10000 
495  | 10000 
496  | 10000 
497  | 10000 
498  | 10000 
499  | 10000 
500  | N =  10000  K =  5 
 RMSE: 
 Oneshot:          0.0193 0.0171 0.0174 0.0218 0.0176 0.0160 0.0183 0.0150 
 WLSE:             0.0179 0.0162 0.0166 0.0203 0.0167 0.0152 0.0172 0.0149 
 Jordan Onestep:   0.1248 0.0825 0.0805 0.0991 0.0787 0.0837 0.0896 0.1163 

 RME: 
 Oneshot:          0.88 0.90 0.93 0.91 0.91 0.94 0.91 0.91 
 WLSE:             0.95 0.95 0.98 0.98 0.96 0.98 0.97 0.92 
 Jordan Onestep:   0.14 0.19 0.20 0.20 0.20 0.18 0.19 0.12 

20000 
1  | 20000 
2  | 20000 
3  | 20000 
4  | 20000 
5  | 20000 
6  | 20000 
7  | 20000 
8  | 20000 
9  | 20000 
10  | 20000 
11  | 20000 
12  | 20000 
13  | 20000 
14  | 20000 
15  | 20000 
16  | 20000 
17  | 20000 
18  | 20000 
19  | 20000 
20  | 20000 
21  | 20000 
22  | 20000 
23  | 20000 
24  | 20000 
25  | 20000 
26  | 20000 
27  | 20000 
28  | 20000 
29  | 20000 
30  | 20000 
31  | 20000 
32  | 20000 
33  | 20000 
34  | 20000 
35  | 20000 
36  | 20000 
37  | 20000 
38  | 20000 
39  | 20000 
40  | 20000 
41  | 20000 
42  | 20000 
43  | 20000 
44  | 20000 
45  | 20000 
46  | 20000 
47  | 20000 
48  | 20000 
49  | 20000 
50  | 20000 
51  | 20000 
52  | 20000 
53  | 20000 
54  | 20000 
55  | 20000 
56  | 20000 
57  | 20000 
58  | 20000 
59  | 20000 
60  | 20000 
61  | 20000 
62  | 20000 
63  | 20000 
64  | 20000 
65  | 20000 
66  | 20000 
67  | 20000 
68  | 20000 
69  | 20000 
70  | 20000 
71  | 20000 
72  | 20000 
73  | 20000 
74  | 20000 
75  | 20000 
76  | 20000 
77  | 20000 
78  | 20000 
79  | 20000 
80  | 20000 
81  | 20000 
82  | 20000 
83  | 20000 
84  | 20000 
85  | 20000 
86  | 20000 
87  | 20000 
88  | 20000 
89  | 20000 
90  | 20000 
91  | 20000 
92  | 20000 
93  | 20000 
94  | 20000 
95  | 20000 
96  | 20000 
97  | 20000 
98  | 20000 
99  | 20000 
100  | 20000 
101  | 20000 
102  | 20000 
103  | 20000 
104  | 20000 
105  | 20000 
106  | 20000 
107  | 20000 
108  | 20000 
109  | 20000 
110  | 20000 
111  | 20000 
112  | 20000 
113  | 20000 
114  | 20000 
115  | 20000 
116  | 20000 
117  | 20000 
118  | 20000 
119  | 20000 
120  | 20000 
121  | 20000 
122  | 20000 
123  | 20000 
124  | 20000 
125  | 20000 
126  | 20000 
127  | 20000 
128  | 20000 
129  | 20000 
130  | 20000 
131  | 20000 
132  | 20000 
133  | 20000 
134  | 20000 
135  | 20000 
136  | 20000 
137  | 20000 
138  | 20000 
139  | 20000 
140  | 20000 
141  | 20000 
142  | 20000 
143  | 20000 
144  | 20000 
145  | 20000 
146  | 20000 
147  | 20000 
148  | 20000 
149  | 20000 
150  | 20000 
151  | 20000 
152  | 20000 
153  | 20000 
154  | 20000 
155  | 20000 
156  | 20000 
157  | 20000 
158  | 20000 
159  | 20000 
160  | 20000 
161  | 20000 
162  | 20000 
163  | 20000 
164  | 20000 
165  | 20000 
166  | 20000 
167  | 20000 
168  | 20000 
169  | 20000 
170  | 20000 
171  | 20000 
172  | 20000 
173  | 20000 
174  | 20000 
175  | 20000 
176  | 20000 
177  | 20000 
178  | 20000 
179  | 20000 
180  | 20000 
181  | 20000 
182  | 20000 
183  | 20000 
184  | 20000 
185  | 20000 
186  | 20000 
187  | 20000 
188  | 20000 
189  | 20000 
190  | 20000 
191  | 20000 
192  | 20000 
193  | 20000 
194  | 20000 
195  | 20000 
196  | 20000 
197  | 20000 
198  | 20000 
199  | 20000 
200  | 20000 
201  | 20000 
202  | 20000 
203  | 20000 
204  | 20000 
205  | 20000 
206  | 20000 
207  | 20000 
208  | 20000 
209  | 20000 
210  | 20000 
211  | 20000 
212  | 20000 
213  | 20000 
214  | 20000 
215  | 20000 
216  | 20000 
217  | 20000 
218  | 20000 
219  | 20000 
220  | 20000 
221  | 20000 
222  | 20000 
223  | 20000 
224  | 20000 
225  | 20000 
226  | 20000 
227  | 20000 
228  | 20000 
229  | 20000 
230  | 20000 
231  | 20000 
232  | 20000 
233  | 20000 
234  | 20000 
235  | 20000 
236  | 20000 
237  | 20000 
238  | 20000 
239  | 20000 
240  | 20000 
241  | 20000 
242  | 20000 
243  | 20000 
244  | 20000 
245  | 20000 
246  | 20000 
247  | 20000 
248  | 20000 
249  | 20000 
250  | 20000 
251  | 20000 
252  | 20000 
253  | 20000 
254  | 20000 
255  | 20000 
256  | 20000 
257  | 20000 
258  | 20000 
259  | 20000 
260  | 20000 
261  | 20000 
262  | 20000 
263  | 20000 
264  | 20000 
265  | 20000 
266  | 20000 
267  | 20000 
268  | 20000 
269  | 20000 
270  | 20000 
271  | 20000 
272  | 20000 
273  | 20000 
274  | 20000 
275  | 20000 
276  | 20000 
277  | 20000 
278  | 20000 
279  | 20000 
280  | 20000 
281  | 20000 
282  | 20000 
283  | 20000 
284  | 20000 
285  | 20000 
286  | 20000 
287  | 20000 
288  | 20000 
289  | 20000 
290  | 20000 
291  | 20000 
292  | 20000 
293  | 20000 
294  | 20000 
295  | 20000 
296  | 20000 
297  | 20000 
298  | 20000 
299  | 20000 
300  | 20000 
301  | 20000 
302  | 20000 
303  | 20000 
304  | 20000 
305  | 20000 
306  | 20000 
307  | 20000 
308  | 20000 
309  | 20000 
310  | 20000 
311  | 20000 
312  | 20000 
313  | 20000 
314  | 20000 
315  | 20000 
316  | 20000 
317  | 20000 
318  | 20000 
319  | 20000 
320  | 20000 
321  | 20000 
322  | 20000 
323  | 20000 
324  | 20000 
325  | 20000 
326  | 20000 
327  | 20000 
328  | 20000 
329  | 20000 
330  | 20000 
331  | 20000 
332  | 20000 
333  | 20000 
334  | 20000 
335  | 20000 
336  | 20000 
337  | 20000 
338  | 20000 
339  | 20000 
340  | 20000 
341  | 20000 
342  | 20000 
343  | 20000 
344  | 20000 
345  | 20000 
346  | 20000 
347  | 20000 
348  | 20000 
349  | 20000 
350  | 20000 
351  | 20000 
352  | 20000 
353  | 20000 
354  | 20000 
355  | 20000 
356  | 20000 
357  | 20000 
358  | 20000 
359  | 20000 
360  | 20000 
361  | 20000 
362  | 20000 
363  | 20000 
364  | 20000 
365  | 20000 
366  | 20000 
367  | 20000 
368  | 20000 
369  | 20000 
370  | 20000 
371  | 20000 
372  | 20000 
373  | 20000 
374  | 20000 
375  | 20000 
376  | 20000 
377  | 20000 
378  | 20000 
379  | 20000 
380  | 20000 
381  | 20000 
382  | 20000 
383  | 20000 
384  | 20000 
385  | 20000 
386  | 20000 
387  | 20000 
388  | 20000 
389  | 20000 
390  | 20000 
391  | 20000 
392  | 20000 
393  | 20000 
394  | 20000 
395  | 20000 
396  | 20000 
397  | 20000 
398  | 20000 
399  | 20000 
400  | 20000 
401  | 20000 
402  | 20000 
403  | 20000 
404  | 20000 
405  | 20000 
406  | 20000 
407  | 20000 
408  | 20000 
409  | 20000 
410  | 20000 
411  | 20000 
412  | 20000 
413  | 20000 
414  | 20000 
415  | 20000 
416  | 20000 
417  | 20000 
418  | 20000 
419  | 20000 
420  | 20000 
421  | 20000 
422  | 20000 
423  | 20000 
424  | 20000 
425  | 20000 
426  | 20000 
427  | 20000 
428  | 20000 
429  | 20000 
430  | 20000 
431  | 20000 
432  | 20000 
433  | 20000 
434  | 20000 
435  | 20000 
436  | 20000 
437  | 20000 
438  | 20000 
439  | 20000 
440  | 20000 
441  | 20000 
442  | 20000 
443  | 20000 
444  | 20000 
445  | 20000 
446  | 20000 
447  | 20000 
448  | 20000 
449  | 20000 
450  | 20000 
451  | 20000 
452  | 20000 
453  | 20000 
454  | 20000 
455  | 20000 
456  | 20000 
457  | 20000 
458  | 20000 
459  | 20000 
460  | 20000 
461  | 20000 
462  | 20000 
463  | 20000 
464  | 20000 
465  | 20000 
466  | 20000 
467  | 20000 
468  | 20000 
469  | 20000 
470  | 20000 
471  | 20000 
472  | 20000 
473  | 20000 
474  | 20000 
475  | 20000 
476  | 20000 
477  | 20000 
478  | 20000 
479  | 20000 
480  | 20000 
481  | 20000 
482  | 20000 
483  | 20000 
484  | 20000 
485  | 20000 
486  | 20000 
487  | 20000 
488  | 20000 
489  | 20000 
490  | 20000 
491  | 20000 
492  | 20000 
493  | 20000 
494  | 20000 
495  | 20000 
496  | 20000 
497  | 20000 
498  | 20000 
499  | 20000 
500  | N =  20000  K =  5 
 RMSE: 
 Oneshot:          0.0133 0.0119 0.0115 0.0149 0.0121 0.0117 0.0129 0.0109 
 WLSE:             0.0130 0.0116 0.0112 0.0143 0.0116 0.0110 0.0126 0.0108 
 Jordan Onestep:   0.0906 0.0561 0.0580 0.0697 0.0583 0.0591 0.0643 0.0819 

 RME: 
 Oneshot:          0.92 0.93 0.95 0.94 0.93 0.93 0.94 0.93 
 WLSE:             0.94 0.96 0.98 0.99 0.97 0.99 0.96 0.93 
 Jordan Onestep:   0.13 0.20 0.19 0.20 0.19 0.19 0.19 0.12 

1e+05 
1  | 1e+05 
2  | 1e+05 
3  | 1e+05 
4  | 1e+05 
5  | 1e+05 
6  | 1e+05 
7  | 1e+05 
8  | 1e+05 
9  | 1e+05 
10  | 1e+05 
11  | 1e+05 
12  | 1e+05 
13  | 1e+05 
14  | 1e+05 
15  | 1e+05 
16  | 1e+05 
17  | 1e+05 
18  | 1e+05 
19  | 1e+05 
20  | 1e+05 
21  | 1e+05 
22  | 1e+05 
23  | 1e+05 
24  | 1e+05 
25  | 1e+05 
26  | 1e+05 
27  | 1e+05 
28  | 1e+05 
29  | 1e+05 
30  | 1e+05 
31  | 1e+05 
32  | 1e+05 
33  | 1e+05 
34  | 1e+05 
35  | 1e+05 
36  | 1e+05 
37  | 1e+05 
38  | 1e+05 
39  | 1e+05 
40  | 1e+05 
41  | 1e+05 
42  | 1e+05 
43  | 1e+05 
44  | 1e+05 
45  | 1e+05 
46  | 1e+05 
47  | 1e+05 
48  | 1e+05 
49  | 1e+05 
50  | 1e+05 
51  | 1e+05 
52  | 1e+05 
53  | 1e+05 
54  | 1e+05 
55  | 1e+05 
56  | 1e+05 
57  | 1e+05 
58  | 1e+05 
59  | 1e+05 
60  | 1e+05 
61  | 1e+05 
62  | 1e+05 
63  | 1e+05 
64  | 1e+05 
65  | 1e+05 
66  | 1e+05 
67  | 1e+05 
68  | 1e+05 
69  | 1e+05 
70  | 1e+05 
71  | 1e+05 
72  | 1e+05 
73  | 1e+05 
74  | 1e+05 
75  | 1e+05 
76  | 1e+05 
77  | 1e+05 
78  | 1e+05 
79  | 1e+05 
80  | 1e+05 
81  | 1e+05 
82  | 1e+05 
83  | 1e+05 
84  | 1e+05 
85  | 1e+05 
86  | 1e+05 
87  | 1e+05 
88  | 1e+05 
89  | 1e+05 
90  | 1e+05 
91  | 1e+05 
92  | 1e+05 
93  | 1e+05 
94  | 1e+05 
95  | 1e+05 
96  | 1e+05 
97  | 1e+05 
98  | 1e+05 
99  | 1e+05 
100  | 1e+05 
101  | 1e+05 
102  | 1e+05 
103  | 1e+05 
104  | 1e+05 
105  | 1e+05 
106  | 1e+05 
107  | 1e+05 
108  | 1e+05 
109  | 1e+05 
110  | 1e+05 
111  | 1e+05 
112  | 1e+05 
113  | 1e+05 
114  | 1e+05 
115  | 1e+05 
116  | 1e+05 
117  | 1e+05 
118  | 1e+05 
119  | 1e+05 
120  | 1e+05 
121  | 1e+05 
122  | 1e+05 
123  | 1e+05 
124  | 1e+05 
125  | 1e+05 
126  | 1e+05 
127  | 1e+05 
128  | 1e+05 
129  | 1e+05 
130  | 1e+05 
131  | 1e+05 
132  | 1e+05 
133  | 1e+05 
134  | 1e+05 
135  | 1e+05 
136  | 1e+05 
137  | 1e+05 
138  | 1e+05 
139  | 1e+05 
140  | 1e+05 
141  | 1e+05 
142  | 1e+05 
143  | 1e+05 
144  | 1e+05 
145  | 1e+05 
146  | 1e+05 
147  | 1e+05 
148  | 1e+05 
149  | 1e+05 
150  | 1e+05 
151  | 1e+05 
152  | 1e+05 
153  | 1e+05 
154  | 1e+05 
155  | 1e+05 
156  | 1e+05 
157  | 1e+05 
158  | 1e+05 
159  | 1e+05 
160  | 1e+05 
161  | 1e+05 
162  | 1e+05 
163  | 1e+05 
164  | 1e+05 
165  | 1e+05 
166  | 1e+05 
167  | 1e+05 
168  | 1e+05 
169  | 1e+05 
170  | 1e+05 
171  | 1e+05 
172  | 1e+05 
173  | 1e+05 
174  | 1e+05 
175  | 1e+05 
176  | 1e+05 
177  | 1e+05 
178  | 1e+05 
179  | 1e+05 
180  | 1e+05 
181  | 1e+05 
182  | 1e+05 
183  | 1e+05 
184  | 1e+05 
185  | 1e+05 
186  | 1e+05 
187  | 1e+05 
188  | 1e+05 
189  | 1e+05 
190  | 1e+05 
191  | 1e+05 
192  | 1e+05 
193  | 1e+05 
194  | 1e+05 
195  | 1e+05 
196  | 1e+05 
197  | 1e+05 
198  | 1e+05 
199  | 1e+05 
200  | 1e+05 
201  | 1e+05 
202  | 1e+05 
203  | 1e+05 
204  | 1e+05 
205  | 1e+05 
206  | 1e+05 
207  | 1e+05 
208  | 1e+05 
209  | 1e+05 
210  | 1e+05 
211  | 1e+05 
212  | 1e+05 
213  | 1e+05 
214  | 1e+05 
215  | 1e+05 
216  | 1e+05 
217  | 1e+05 
218  | 1e+05 
219  | 1e+05 
220  | 1e+05 
221  | 1e+05 
222  | 1e+05 
223  | 1e+05 
224  | 1e+05 
225  | 1e+05 
226  | 1e+05 
227  | 1e+05 
228  | 1e+05 
229  | 1e+05 
230  | 1e+05 
231  | 1e+05 
232  | 1e+05 
233  | 1e+05 
234  | 1e+05 
235  | 1e+05 
236  | 1e+05 
237  | 1e+05 
238  | 1e+05 
239  | 1e+05 
240  | 1e+05 
241  | 1e+05 
242  | 1e+05 
243  | 1e+05 
244  | 1e+05 
245  | 1e+05 
246  | 1e+05 
247  | 1e+05 
248  | 1e+05 
249  | 1e+05 
250  | 1e+05 
251  | 1e+05 
252  | 1e+05 
253  | 1e+05 
254  | 1e+05 
255  | 1e+05 
256  | 1e+05 
257  | 1e+05 
258  | 1e+05 
259  | 1e+05 
260  | 1e+05 
261  | 1e+05 
262  | 1e+05 
263  | 1e+05 
264  | 1e+05 
265  | 1e+05 
266  | 1e+05 
267  | 1e+05 
268  | 1e+05 
269  | 1e+05 
270  | 1e+05 
271  | 1e+05 
272  | 1e+05 
273  | 1e+05 
274  | 1e+05 
275  | 1e+05 
276  | 1e+05 
277  | 1e+05 
278  | 1e+05 
279  | 1e+05 
280  | 1e+05 
281  | 1e+05 
282  | 1e+05 
283  | 1e+05 
284  | 1e+05 
285  | 1e+05 
286  | 1e+05 
287  | 1e+05 
288  | 1e+05 
289  | 1e+05 
290  | 1e+05 
291  | 1e+05 
292  | 1e+05 
293  | 1e+05 
294  | 1e+05 
295  | 1e+05 
296  | 1e+05 
297  | 1e+05 
298  | 1e+05 
299  | 1e+05 
300  | 1e+05 
301  | 1e+05 
302  | 1e+05 
303  | 1e+05 
304  | 1e+05 
305  | 1e+05 
306  | 1e+05 
307  | 1e+05 
308  | 1e+05 
309  | 1e+05 
310  | 1e+05 
311  | 1e+05 
312  | 1e+05 
313  | 1e+05 
314  | 1e+05 
315  | 1e+05 
316  | 1e+05 
317  | 1e+05 
318  | 1e+05 
319  | 1e+05 
320  | 1e+05 
321  | 1e+05 
322  | 1e+05 
323  | 1e+05 
324  | 1e+05 
325  | 1e+05 
326  | 1e+05 
327  | 1e+05 
328  | 1e+05 
329  | 1e+05 
330  | 1e+05 
331  | 1e+05 
332  | 1e+05 
333  | 1e+05 
334  | 1e+05 
335  | 1e+05 
336  | 1e+05 
337  | 1e+05 
338  | 1e+05 
339  | 1e+05 
340  | 1e+05 
341  | 1e+05 
342  | 1e+05 
343  | 1e+05 
344  | 1e+05 
345  | 1e+05 
346  | 1e+05 
347  | 1e+05 
348  | 1e+05 
349  | 1e+05 
350  | 1e+05 
351  | 1e+05 
352  | 1e+05 
353  | 1e+05 
354  | 1e+05 
355  | 1e+05 
356  | 1e+05 
357  | 1e+05 
358  | 1e+05 
359  | 1e+05 
360  | 1e+05 
361  | 1e+05 
362  | 1e+05 
363  | 1e+05 
364  | 1e+05 
365  | 1e+05 
366  | 1e+05 
367  | 1e+05 
368  | 1e+05 
369  | 1e+05 
370  | 1e+05 
371  | 1e+05 
372  | 1e+05 
373  | 1e+05 
374  | 1e+05 
375  | 1e+05 
376  | 1e+05 
377  | 1e+05 
378  | 1e+05 
379  | 1e+05 
380  | 1e+05 
381  | 1e+05 
382  | 1e+05 
383  | 1e+05 
384  | 1e+05 
385  | 1e+05 
386  | 1e+05 
387  | 1e+05 
388  | 1e+05 
389  | 1e+05 
390  | 1e+05 
391  | 1e+05 
392  | 1e+05 
393  | 1e+05 
394  | 1e+05 
395  | 1e+05 
396  | 1e+05 
397  | 1e+05 
398  | 1e+05 
399  | 1e+05 
400  | 1e+05 
401  | 1e+05 
402  | 1e+05 
403  | 1e+05 
404  | 1e+05 
405  | 1e+05 
406  | 1e+05 
407  | 1e+05 
408  | 1e+05 
409  | 1e+05 
410  | 1e+05 
411  | 1e+05 
412  | 1e+05 
413  | 1e+05 
414  | 1e+05 
415  | 1e+05 
416  | 1e+05 
417  | 1e+05 
418  | 1e+05 
419  | 1e+05 
420  | 1e+05 
421  | 1e+05 
422  | 1e+05 
423  | 1e+05 
424  | 1e+05 
425  | 1e+05 
426  | 1e+05 
427  | 1e+05 
428  | 1e+05 
429  | 1e+05 
430  | 1e+05 
431  | 1e+05 
432  | 1e+05 
433  | 1e+05 
434  | 1e+05 
435  | 1e+05 
436  | 1e+05 
437  | 1e+05 
438  | 1e+05 
439  | 1e+05 
440  | 1e+05 
441  | 1e+05 
442  | 1e+05 
443  | 1e+05 
444  | 1e+05 
445  | 1e+05 
446  | 1e+05 
447  | 1e+05 
448  | 1e+05 
449  | 1e+05 
450  | 1e+05 
451  | 1e+05 
452  | 1e+05 
453  | 1e+05 
454  | 1e+05 
455  | 1e+05 
456  | 1e+05 
457  | 1e+05 
458  | 1e+05 
459  | 1e+05 
460  | 1e+05 
461  | 1e+05 
462  | 1e+05 
463  | 1e+05 
464  | 1e+05 
465  | 1e+05 
466  | 1e+05 
467  | 1e+05 
468  | 1e+05 
469  | 1e+05 
470  | 1e+05 
471  | 1e+05 
472  | 1e+05 
473  | 1e+05 
474  | 1e+05 
475  | 1e+05 
476  | 1e+05 
477  | 1e+05 
478  | 1e+05 
479  | 1e+05 
480  | 1e+05 
481  | 1e+05 
482  | 1e+05 
483  | 1e+05 
484  | 1e+05 
485  | 1e+05 
486  | 1e+05 
487  | 1e+05 
488  | 1e+05 
489  | 1e+05 
490  | 1e+05 
491  | 1e+05 
492  | 1e+05 
493  | 1e+05 
494  | 1e+05 
495  | 1e+05 
496  | 1e+05 
497  | 1e+05 
498  | 1e+05 
499  | 1e+05 
500  | N =  1e+05  K =  10 
 RMSE: 
 Oneshot:          0.0057 0.0049 0.0051 0.0065 0.0049 0.0050 0.0055 0.0048 
 WLSE:             0.0055 0.0048 0.0051 0.0064 0.0048 0.0050 0.0054 0.0048 
 Jordan Onestep:   0.0548 0.0355 0.0350 0.0428 0.0351 0.0350 0.0402 0.0499 

 RME: 
 Oneshot:          0.89 0.95 0.97 0.96 0.97 0.95 0.96 0.93 
 WLSE:             0.93 0.97 0.97 0.98 0.98 0.97 0.98 0.93 
 Jordan Onestep:   0.09 0.13 0.14 0.15 0.13 0.14 0.13 0.09 

\multicolumn{13}{c}{\sc Setting 1: i.i.d Covariates } \\ 
10  &  5  & OS  &  0.97 & 0.99 & 0.99 & 0.95 & 0.99 & 0.99 & 0.99 & 0.99  &  & \\ 
 &  & CSL  &  0.99 & 1.00 & 0.99 & 0.99 & 0.99 & 0.99 & 0.98 & 0.99  &  & \\ 
 &  & DLSA  &  1.00 & 1.00 & 1.00 & 0.99 & 1.00 & 1.00 & 1.00 & 1.00  &  & \\ 
 &  & SDLSA  &  1.00 & - & - & 1.00 & - & - & 1.00 & -  & 3.01  &  1.00 \\ 
& & & & & & & & & & & & \\  [-1.1em]
20  &  5  & OS  &  0.99 & 1.00 & 1.00 & 0.98 & 1.00 & 1.00 & 0.99 & 1.00  &  & \\ 
 &  & CSL  &  0.99 & 1.00 & 0.99 & 0.99 & 1.00 & 1.00 & 0.99 & 0.99  &  & \\ 
 &  & DLSA  &  1.00 & 1.00 & 1.00 & 1.00 & 1.00 & 1.00 & 1.00 & 1.00  &  & \\ 
 &  & SDLSA  &  1.00 & - & - & 1.00 & - & - & 1.00 & -  & 3.01  &  1.00 \\ 
& & & & & & & & & & & & \\  [-1.1em]
100  &  10  & OS  &  0.99 & 1.00 & 1.00 & 0.98 & 1.00 & 1.00 & 1.00 & 1.00  &  & \\ 
 &  & CSL  &  0.98 & 0.99 & 1.00 & 0.99 & 0.99 & 0.99 & 0.99 & 0.99  &  & \\ 
 &  & DLSA  &  1.00 & 1.00 & 1.00 & 1.00 & 1.00 & 1.00 & 1.00 & 1.00  &  & \\ 
 &  & SDLSA  &  1.00 & - & - & 1.00 & - & - & 1.00 & -  & 3.00  &  1.00 \\ 
\hline  
\multicolumn{13}{c}{\sc Setting 2: Heterogenous Covariates } \\ 
10  &  5  & OS  &  0.88 & 0.90 & 0.93 & 0.91 & 0.91 & 0.94 & 0.91 & 0.91  &  & \\ 
 &  & CSL  &  0.14 & 0.19 & 0.20 & 0.20 & 0.20 & 0.18 & 0.19 & 0.12  &  & \\ 
 &  & DLSA  &  0.95 & 0.95 & 0.98 & 0.98 & 0.96 & 0.98 & 0.97 & 0.92  &  & \\ 
 &  & SDLSA  &  0.90 & - & - & 0.98 & - & - & 0.93 & -  & 3.01  &  1.00 \\ 
& & & & & & & & & & & & \\  [-1.1em]
20  &  5  & OS  &  0.92 & 0.93 & 0.95 & 0.94 & 0.93 & 0.93 & 0.94 & 0.93  &  & \\ 
 &  & CSL  &  0.13 & 0.20 & 0.19 & 0.20 & 0.19 & 0.19 & 0.19 & 0.12  &  & \\ 
 &  & DLSA  &  0.94 & 0.96 & 0.98 & 0.99 & 0.97 & 0.99 & 0.96 & 0.93  &  & \\ 
 &  & SDLSA  &  0.92 & - & - & 1.03 & - & - & 1.00 & -  & 3.01  &  1.00 \\ 
& & & & & & & & & & & & \\  [-1.1em]
100  &  10  & OS  &  0.89 & 0.95 & 0.97 & 0.96 & 0.97 & 0.95 & 0.96 & 0.93  &  & \\ 
 &  & CSL  &  0.09 & 0.13 & 0.14 & 0.15 & 0.13 & 0.14 & 0.13 & 0.09  &  & \\ 
 &  & DLSA  &  0.93 & 0.97 & 0.97 & 0.98 & 0.98 & 0.97 & 0.98 & 0.93  &  & \\ 
 &  & SDLSA  &  0.88 & - & - & 0.99 & - & - & 1.02 & -  & 3.00  &  1.00 \\ 
\hline  
